1 0.6411315956770502 0.041640178003814365 0.04767959313413858 0.03623649078194533
1 0.6662428480610298 0.035282898919262555 0.04577240940877304 0.03623649078194533
1 0.801335028607756 0.15257469802924348 0.0438652256834075 0.05848696757787667
1 0.783534647171011 0.19198982835346473 0.032422123331214234 0.04195804195804196
1 0.2822631913541004 0.284170375079466 0.040686586141131596 0.04831532104259377
1 0.7406230133502861 0.4364272091544819 0.03814367450731087 0.04259376986649714
1 0.19135410044500953 0.1656071201525747 0.034329307056579786 0.03242212333121424
1 0.16179275270184362 0.28258105530832806 0.03750794659885569 0.040050858232676415
1 0.1633820724729816 0.2263191354100445 0.03560076287349014 0.034329307056579786
1 0.13413858868404327 0.2956134774316593 0.036872218690400506 0.04322949777495232
