1 0.30971810089020774 0.5649109792284867 0.06305637982195847 0.058605341246290805
1 0.4514094955489615 0.5370919881305638 0.0615727002967359 0.05489614243323442
1 0.5181750741839762 0.6168397626112759 0.064540059347181 0.06157270029673591
1 0.314540059347181 0.7173590504451038 0.06973293768545995 0.07270029673590504
1 0.8416172106824926 0.5537833827893175 0.04673590504451038 0.06157270029673591
1 0.6498516320474776 0.6316765578635015 0.04896142433234422 0.04228486646884273
1 0.28486646884273 0.4621661721068249 0.04154302670623145 0.04302670623145401
1 0.3957715133531158 0.8516320474777448 0.05860534124629081 0.040059347181008904
1 0.19955489614243324 0.7292284866468843 0.06231454005934719 0.05341246290801187
1 0.14428783382789317 0.6528189910979229 0.04821958456973294 0.04599406528189911
1 0.23219584569732937 0.6327893175074184 0.04302670623145401 0.04154302670623146
1 0.2815281899109793 0.8427299703264095 0.04821958456973294 0.04747774480712166
1 0.42396142433234413 0.9002225519287834 0.037833827893175076 0.03931750741839763
