1 0.8214814814814815 0.6229629629629629 0.04888888888888889 0.056296296296296296
1 0.5725925925925925 0.9344444444444444 0.050370370370370364 0.05111111111111111
1 0.39666666666666667 0.6159259259259259 0.07925925925925925 0.0837037037037037
1 0.3707407407407407 0.42777777777777776 0.08370370370370371 0.08814814814814814
1 0.534074074074074 0.27999999999999997 0.07703703703703704 0.07703703703703703
1 0.5137037037037037 0.21814814814814815 0.07629629629629629 0.07777777777777778
1 0.30814814814814817 0.34185185185185185 0.05333333333333333 0.06444444444444444
1 0.7044444444444444 0.13037037037037036 0.045925925925925926 0.047407407407407405
1 0.767037037037037 0.20888888888888887 0.03925925925925926 0.05333333333333333
1 0.14185185185185184 0.2688888888888889 0.04518518518518519 0.045925925925925926
