1 0.17277298850574715 0.4306752873563218 0.039511494252873564 0.036637931034482756
1 0.6303879310344828 0.6436781609195402 0.04382183908045977 0.04454022988505747
1 0.5923132183908046 0.5064655172413793 0.04669540229885057 0.04454022988505747
1 0.5438218390804598 0.22916666666666666 0.05747126436781609 0.04741379310344827
1 0.6508620689655172 0.10955459770114942 0.04741379310344828 0.040948275862068964
1 0.723419540229885 0.1648706896551724 0.05890804597701149 0.05100574712643678
1 0.8193247126436781 0.20186781609195403 0.0567528735632184 0.06465517241379311
1 0.7880747126436781 0.27729885057471265 0.040229885057471264 0.037356321839080456
1 0.8839798850574713 0.32363505747126436 0.04669540229885057 0.05531609195402299
1 0.8983477011494252 0.38469827586206895 0.04382183908045977 0.04382183908045977
1 0.8491379310344829 0.45977011494252873 0.040229885057471264 0.041666666666666664
1 0.6505028735632185 0.2769396551724138 0.04525862068965517 0.040948275862068964
