1 0.14487489911218718 0.39184826472962064 0.052461662631154156 0.04923325262308313
1 0.2328490718321226 0.4604519774011299 0.04923325262308313 0.054075867635189664
1 0.30548829701372077 0.4640839386602098 0.06860371267150929 0.06941081517352704
1 0.3196125907990314 0.3167877320419693 0.053268765133171914 0.05569007263922518
1 0.3845843422114608 0.10855528652138821 0.04600484261501211 0.04600484261501211
1 0.6541565778853914 0.4778046811945117 0.07506053268765132 0.07586763518966909
1 0.4802259887005649 0.43785310734463273 0.10008071025020178 0.07828894269572235
1 0.5843422114608555 0.36561743341404357 0.0516545601291364 0.0516545601291364
1 0.4717514124293785 0.28732849071832123 0.06214689265536723 0.06295399515738498
1 0.5577078288942694 0.23809523809523808 0.05649717514124294 0.048426150121065374
1 0.6497175141242938 0.6347861178369653 0.06295399515738498 0.058918482647296204
1 0.5500403551251007 0.6755447941888619 0.07990314769975787 0.07102502017756254
1 0.4975786924939466 0.7897497982243744 0.05891848264729621 0.054075867635189664
1 0.48103309120258264 0.940274414850686 0.06941081517352704 0.05649717514124294
1 0.7493946731234865 0.47457627118644063 0.04761904761904762 0.043583535108958835
